this is readME txt
for question one the output of the tree will be looked like this
./q1 1+2/\(3+4\)*5
Display the tree:
                   5

          *

                                        4

                              +

                                        3

                    /

                              2

+

          1

which is +
	/ \
       /   \
      1     *
	   / \
          /   \
	 /     \
        \       5
       / \
      2   +   
	 / \
        3   4

And the calculate function don't work so plz don't test it Thank you.

for question 2
you can only be have a 2d array with 20*10
the output will be like:
Before Sorting: 
0 Key: 54-------> 25 12 17 82 52 53 05 03 68 64 
1 Key: 90-------> 43 27 20 59 04 84 10 42 43 02 
2 Key: 137-------> 81 14 42 21 09 69 05 30 20 91 
3 Key: 260-------> 96 89 75 00 63 24 54 20 20 24 
4 Key: 185-------> 41 62 82 46 69 42 74 68 79 28 
5 Key: 65-------> 50 09 06 44 59 87 32 36 36 46 
6 Key: 208-------> 83 82 43 11 21 04 08 97 93 14 
7 Key: 139-------> 03 60 76 23 14 81 82 00 38 04 
8 Key: 114-------> 09 83 22 90 74 56 64 75 67 55 
9 Key: 176-------> 41 82 53 40 29 84 24 61 87 20 
10 Key: 186-------> 99 37 50 93 57 06 29 91 92 39 
11 Key: 77-------> 25 41 11 88 15 39 88 69 31 49 
12 Key: 137-------> 03 37 97 53 36 54 69 68 38 43 
13 Key: 139-------> 44 27 68 96 70 98 85 13 25 47 
14 Key: 178-------> 51 90 37 86 42 44 48 64 41 01 
15 Key: 57-------> 16 14 27 99 29 99 79 45 59 19 
16 Key: 203-------> 88 56 59 88 39 30 44 59 49 72 
17 Key: 110-------> 49 17 44 32 33 54 60 33 51 87 
18 Key: 80-------> 12 00 68 68 49 68 74 32 09 30 
19 Key: 127-------> 81 30 16 65 40 39 44 49 32 60 
-----------------------+++++++++++++++--------------------------
After Sorting: 
Key: 54-------> 25 12 17 82 52 53 05 03 68 64 
Key: 57-------> 16 14 27 99 29 99 79 45 59 19 
Key: 65-------> 50 09 06 44 59 87 32 36 36 46 
Key: 77-------> 25 41 11 88 15 39 88 69 31 49 
Key: 80-------> 12 00 68 68 49 68 74 32 09 30 
Key: 90-------> 43 27 20 59 04 84 10 42 43 02 
Key: 110-------> 49 17 44 32 33 54 60 33 51 87 
Key: 114-------> 09 83 22 90 74 56 64 75 67 55 
Key: 127-------> 81 30 16 65 40 39 44 49 32 60 
Key: 137-------> 81 14 42 21 09 69 05 30 20 91 
Key: 137-------> 03 37 97 53 36 54 69 68 38 43 
Key: 139-------> 44 27 68 96 70 98 85 13 25 47 
Key: 139-------> 03 60 76 23 14 81 82 00 38 04 
Key: 176-------> 41 82 53 40 29 84 24 61 87 20 
Key: 178-------> 51 90 37 86 42 44 48 64 41 01 
Key: 185-------> 41 62 82 46 69 42 74 68 79 28 
Key: 186-------> 99 37 50 93 57 06 29 91 92 39 
Key: 203-------> 88 56 59 88 39 30 44 59 49 72 
Key: 208-------> 83 82 43 11 21 04 08 97 93 14 
Key: 260-------> 96 89 75 00 63 24 54 20 20 24




